TABLE NO.     1: Iterative Two Stage: Problem=1 Subproblem=0 Superproblem1=0 Iteration1=0 Superproblem2=0 Iteration2=0
 NAME         THETA1       THETA2       THETA3       THETA4       THETA5       THETA6       THETA7       THETA8       SIGMA(1,1)   OMEGA(1,1)   OMEGA(2,1)   OMEGA(2,2)   OMEGA(3,1)   OMEGA(3,2)   OMEGA(3,3)   OMEGA(4,1)   OMEGA(4,2)   OMEGA(4,3)   OMEGA(4,4)
 THETA1        5.15896E+00  2.40160E+00 -5.37607E+01  1.51779E+00 -2.02713E-01  4.87047E-01  3.30307E+00  1.15542E+01  0.00000E+00 -5.46077E-01  0.00000E+00 -1.04455E-02  0.00000E+00  0.00000E+00  0.00000E+00  0.00000E+00  0.00000E+00  0.00000E+00 -4.83310E-01
 THETA2        2.40160E+00  9.64558E+01 -1.98556E+02  5.89285E+00  1.08289E-01 -1.41793E-01  2.53437E+00 -7.14892E+01  0.00000E+00 -1.50280E-01  0.00000E+00 -2.77342E+01  0.00000E+00  0.00000E+00  0.00000E+00  0.00000E+00  0.00000E+00  0.00000E+00 -1.98628E+00
 THETA3       -5.37607E+01 -1.98556E+02  1.80974E+04 -4.59836E+02  6.18141E-01 -5.19130E+00 -4.76901E+01  8.46239E+02  0.00000E+00 -1.44692E+00  0.00000E+00  1.82540E+01  0.00000E+00  0.00000E+00  0.00000E+00  0.00000E+00  0.00000E+00  0.00000E+00  4.37341E+01
 THETA4        1.51779E+00  5.89285E+00 -4.59836E+02  1.63756E+01  2.10641E-02  1.00938E-01  1.50170E+00 -2.49924E+01  0.00000E+00 -6.11976E-02  0.00000E+00  7.12840E-01  0.00000E+00  0.00000E+00  0.00000E+00  0.00000E+00  0.00000E+00  0.00000E+00 -2.03931E+00
 THETA5       -2.02713E-01  1.08289E-01  6.18141E-01  2.10641E-02  1.13068E-01  1.09967E-02  2.58534E-02 -5.35733E+00  0.00000E+00  5.91113E-04  0.00000E+00 -1.41687E-01  0.00000E+00  0.00000E+00  0.00000E+00  0.00000E+00  0.00000E+00  0.00000E+00  2.88967E-02
 THETA6        4.87047E-01 -1.41793E-01 -5.19130E+00  1.00938E-01  1.09967E-02  2.53530E-01  5.51114E-01  3.13494E+00  0.00000E+00 -9.73311E-02  0.00000E+00  2.00382E-01  0.00000E+00  0.00000E+00  0.00000E+00  0.00000E+00  0.00000E+00  0.00000E+00 -9.21960E-02
 THETA7        3.30307E+00  2.53437E+00 -4.76901E+01  1.50170E+00  2.58534E-02  5.51114E-01  3.30307E+00  1.22203E+01  0.00000E+00 -4.64552E-01  0.00000E+00  8.13999E-01  0.00000E+00  0.00000E+00  0.00000E+00  0.00000E+00  0.00000E+00  0.00000E+00 -2.18379E-01
 THETA8        1.15542E+01 -7.14892E+01  8.46239E+02 -2.49924E+01 -5.35733E+00  3.13494E+00  1.22203E+01  7.53871E+03  0.00000E+00  2.13998E+00  0.00000E+00  1.81173E+02  0.00000E+00  0.00000E+00  0.00000E+00  0.00000E+00  0.00000E+00  0.00000E+00  1.54441E+01
 SIGMA(1,1)    0.00000E+00  0.00000E+00  0.00000E+00  0.00000E+00  0.00000E+00  0.00000E+00  0.00000E+00  0.00000E+00  0.00000E+00  0.00000E+00  0.00000E+00  0.00000E+00  0.00000E+00  0.00000E+00  0.00000E+00  0.00000E+00  0.00000E+00  0.00000E+00  0.00000E+00
 OMEGA(1,1)   -5.46077E-01 -1.50280E-01 -1.44692E+00 -6.11976E-02  5.91113E-04 -9.73311E-02 -4.64552E-01  2.13998E+00  0.00000E+00  2.03406E-01  0.00000E+00  1.79773E-01  0.00000E+00  0.00000E+00  0.00000E+00  0.00000E+00  0.00000E+00  0.00000E+00  7.54294E-02
 OMEGA(2,1)    0.00000E+00  0.00000E+00  0.00000E+00  0.00000E+00  0.00000E+00  0.00000E+00  0.00000E+00  0.00000E+00  0.00000E+00  0.00000E+00  0.00000E+00  0.00000E+00  0.00000E+00  0.00000E+00  0.00000E+00  0.00000E+00  0.00000E+00  0.00000E+00  0.00000E+00
 OMEGA(2,2)   -1.04455E-02 -2.77342E+01  1.82540E+01  7.12840E-01 -1.41687E-01  2.00382E-01  8.13999E-01  1.81173E+02  0.00000E+00  1.79773E-01  0.00000E+00  1.04273E+02  0.00000E+00  0.00000E+00  0.00000E+00  0.00000E+00  0.00000E+00  0.00000E+00 -1.30006E+00
 OMEGA(3,1)    0.00000E+00  0.00000E+00  0.00000E+00  0.00000E+00  0.00000E+00  0.00000E+00  0.00000E+00  0.00000E+00  0.00000E+00  0.00000E+00  0.00000E+00  0.00000E+00  0.00000E+00  0.00000E+00  0.00000E+00  0.00000E+00  0.00000E+00  0.00000E+00  0.00000E+00
 OMEGA(3,2)    0.00000E+00  0.00000E+00  0.00000E+00  0.00000E+00  0.00000E+00  0.00000E+00  0.00000E+00  0.00000E+00  0.00000E+00  0.00000E+00  0.00000E+00  0.00000E+00  0.00000E+00  0.00000E+00  0.00000E+00  0.00000E+00  0.00000E+00  0.00000E+00  0.00000E+00
 OMEGA(3,3)    0.00000E+00  0.00000E+00  0.00000E+00  0.00000E+00  0.00000E+00  0.00000E+00  0.00000E+00  0.00000E+00  0.00000E+00  0.00000E+00  0.00000E+00  0.00000E+00  0.00000E+00  0.00000E+00  0.00000E+00  0.00000E+00  0.00000E+00  0.00000E+00  0.00000E+00
 OMEGA(4,1)    0.00000E+00  0.00000E+00  0.00000E+00  0.00000E+00  0.00000E+00  0.00000E+00  0.00000E+00  0.00000E+00  0.00000E+00  0.00000E+00  0.00000E+00  0.00000E+00  0.00000E+00  0.00000E+00  0.00000E+00  0.00000E+00  0.00000E+00  0.00000E+00  0.00000E+00
 OMEGA(4,2)    0.00000E+00  0.00000E+00  0.00000E+00  0.00000E+00  0.00000E+00  0.00000E+00  0.00000E+00  0.00000E+00  0.00000E+00  0.00000E+00  0.00000E+00  0.00000E+00  0.00000E+00  0.00000E+00  0.00000E+00  0.00000E+00  0.00000E+00  0.00000E+00  0.00000E+00
 OMEGA(4,3)    0.00000E+00  0.00000E+00  0.00000E+00  0.00000E+00  0.00000E+00  0.00000E+00  0.00000E+00  0.00000E+00  0.00000E+00  0.00000E+00  0.00000E+00  0.00000E+00  0.00000E+00  0.00000E+00  0.00000E+00  0.00000E+00  0.00000E+00  0.00000E+00  0.00000E+00
 OMEGA(4,4)   -4.83310E-01 -1.98628E+00  4.37341E+01 -2.03931E+00  2.88967E-02 -9.21960E-02 -2.18379E-01  1.54441E+01  0.00000E+00  7.54294E-02  0.00000E+00 -1.30006E+00  0.00000E+00  0.00000E+00  0.00000E+00  0.00000E+00  0.00000E+00  0.00000E+00  2.60888E+00
TABLE NO.     2: Stochastic Approximation Expectation-Maximization: Problem=1 Subproblem=0 Superproblem1=0 Iteration1=0 Superproblem2=0 Iteration2=0
 NAME         THETA1       THETA2       THETA3       THETA4       THETA5       THETA6       THETA7       THETA8       SIGMA(1,1)   OMEGA(1,1)   OMEGA(2,1)   OMEGA(2,2)   OMEGA(3,1)   OMEGA(3,2)   OMEGA(3,3)   OMEGA(4,1)   OMEGA(4,2)   OMEGA(4,3)   OMEGA(4,4)
 THETA1        5.13569E+00 -1.03169E+00 -4.88846E+01  3.53094E-01 -1.98861E-01  4.87964E-01  3.30503E+00  1.53984E+01  0.00000E+00 -5.45574E-01  0.00000E+00  1.01004E+01  0.00000E+00  0.00000E+00  0.00000E+00  0.00000E+00  0.00000E+00  0.00000E+00 -3.43145E-01
 THETA2       -1.03169E+00  3.23445E+02 -8.67727E+01  1.33792E+01  6.12344E-01 -8.97601E-01 -7.43999E-01 -2.63433E+02  0.00000E+00 -1.78657E-01  0.00000E+00 -5.98587E+01  0.00000E+00  0.00000E+00  0.00000E+00  0.00000E+00  0.00000E+00  0.00000E+00 -3.42188E-01
 THETA3       -4.88846E+01 -8.67727E+01  2.30933E+04 -3.16433E+02 -4.16739E-01 -2.71985E+00 -4.65411E+01  4.00242E+02  0.00000E+00 -1.90164E+00  0.00000E+00 -3.64737E+02  0.00000E+00  0.00000E+00  0.00000E+00  0.00000E+00  0.00000E+00  0.00000E+00 -4.01227E+01
 THETA4        3.53094E-01  1.33792E+01 -3.16433E+02  1.31986E+01  8.68691E-02 -1.11571E-01  3.32293E-01 -1.45012E+01  0.00000E+00  8.65864E-02  0.00000E+00  2.40958E+01  0.00000E+00  0.00000E+00  0.00000E+00  0.00000E+00  0.00000E+00  0.00000E+00  1.93441E+00
 THETA5       -1.98861E-01  6.12344E-01 -4.16739E-01  8.68691E-02  1.11482E-01  1.08725E-02  2.71310E-02 -5.63709E+00  0.00000E+00  7.55201E-04  0.00000E+00 -1.77267E+00  0.00000E+00  0.00000E+00  0.00000E+00  0.00000E+00  0.00000E+00  0.00000E+00  2.19414E-02
 THETA6        4.87964E-01 -8.97601E-01 -2.71985E+00 -1.11571E-01  1.08725E-02  2.53391E-01  5.51002E-01  3.94961E+00  0.00000E+00 -9.77408E-02  0.00000E+00  2.67568E+00  0.00000E+00  0.00000E+00  0.00000E+00  0.00000E+00  0.00000E+00  0.00000E+00  1.80298E-01
 THETA7        3.30503E+00 -7.43999E-01 -4.65411E+01  3.32293E-01  2.71310E-02  5.51002E-01  3.30503E+00  1.58294E+01  0.00000E+00 -4.65757E-01  0.00000E+00  9.84072E+00  0.00000E+00  0.00000E+00  0.00000E+00  0.00000E+00  0.00000E+00  0.00000E+00  4.11753E-01
 THETA8        1.53984E+01 -2.63433E+02  4.00242E+02 -1.45012E+01 -5.63709E+00  3.94961E+00  1.58294E+01  8.08655E+03  0.00000E+00  1.29805E+00  0.00000E+00  7.33955E+02  0.00000E+00  0.00000E+00  0.00000E+00  0.00000E+00  0.00000E+00  0.00000E+00  2.61705E+01
 SIGMA(1,1)    0.00000E+00  0.00000E+00  0.00000E+00  0.00000E+00  0.00000E+00  0.00000E+00  0.00000E+00  0.00000E+00  0.00000E+00  0.00000E+00  0.00000E+00  0.00000E+00  0.00000E+00  0.00000E+00  0.00000E+00  0.00000E+00  0.00000E+00  0.00000E+00  0.00000E+00
 OMEGA(1,1)   -5.45574E-01 -1.78657E-01 -1.90164E+00  8.65864E-02  7.55201E-04 -9.77408E-02 -4.65757E-01  1.29805E+00  0.00000E+00  2.03189E-01  0.00000E+00 -1.91737E+00  0.00000E+00  0.00000E+00  0.00000E+00  0.00000E+00  0.00000E+00  0.00000E+00  4.95340E-02
 OMEGA(2,1)    0.00000E+00  0.00000E+00  0.00000E+00  0.00000E+00  0.00000E+00  0.00000E+00  0.00000E+00  0.00000E+00  0.00000E+00  0.00000E+00  0.00000E+00  0.00000E+00  0.00000E+00  0.00000E+00  0.00000E+00  0.00000E+00  0.00000E+00  0.00000E+00  0.00000E+00
 OMEGA(2,2)    1.01004E+01 -5.98587E+01 -3.64737E+02  2.40958E+01 -1.77267E+00  2.67568E+00  9.84072E+00  7.33955E+02  0.00000E+00 -1.91737E+00  0.00000E+00  3.18462E+03  0.00000E+00  0.00000E+00  0.00000E+00  0.00000E+00  0.00000E+00  0.00000E+00  9.74938E+00
 OMEGA(3,1)    0.00000E+00  0.00000E+00  0.00000E+00  0.00000E+00  0.00000E+00  0.00000E+00  0.00000E+00  0.00000E+00  0.00000E+00  0.00000E+00  0.00000E+00  0.00000E+00  0.00000E+00  0.00000E+00  0.00000E+00  0.00000E+00  0.00000E+00  0.00000E+00  0.00000E+00
 OMEGA(3,2)    0.00000E+00  0.00000E+00  0.00000E+00  0.00000E+00  0.00000E+00  0.00000E+00  0.00000E+00  0.00000E+00  0.00000E+00  0.00000E+00  0.00000E+00  0.00000E+00  0.00000E+00  0.00000E+00  0.00000E+00  0.00000E+00  0.00000E+00  0.00000E+00  0.00000E+00
 OMEGA(3,3)    0.00000E+00  0.00000E+00  0.00000E+00  0.00000E+00  0.00000E+00  0.00000E+00  0.00000E+00  0.00000E+00  0.00000E+00  0.00000E+00  0.00000E+00  0.00000E+00  0.00000E+00  0.00000E+00  0.00000E+00  0.00000E+00  0.00000E+00  0.00000E+00  0.00000E+00
 OMEGA(4,1)    0.00000E+00  0.00000E+00  0.00000E+00  0.00000E+00  0.00000E+00  0.00000E+00  0.00000E+00  0.00000E+00  0.00000E+00  0.00000E+00  0.00000E+00  0.00000E+00  0.00000E+00  0.00000E+00  0.00000E+00  0.00000E+00  0.00000E+00  0.00000E+00  0.00000E+00
 OMEGA(4,2)    0.00000E+00  0.00000E+00  0.00000E+00  0.00000E+00  0.00000E+00  0.00000E+00  0.00000E+00  0.00000E+00  0.00000E+00  0.00000E+00  0.00000E+00  0.00000E+00  0.00000E+00  0.00000E+00  0.00000E+00  0.00000E+00  0.00000E+00  0.00000E+00  0.00000E+00
 OMEGA(4,3)    0.00000E+00  0.00000E+00  0.00000E+00  0.00000E+00  0.00000E+00  0.00000E+00  0.00000E+00  0.00000E+00  0.00000E+00  0.00000E+00  0.00000E+00  0.00000E+00  0.00000E+00  0.00000E+00  0.00000E+00  0.00000E+00  0.00000E+00  0.00000E+00  0.00000E+00
 OMEGA(4,4)   -3.43145E-01 -3.42188E-01 -4.01227E+01  1.93441E+00  2.19414E-02  1.80298E-01  4.11753E-01  2.61705E+01  0.00000E+00  4.95340E-02  0.00000E+00  9.74938E+00  0.00000E+00  0.00000E+00  0.00000E+00  0.00000E+00  0.00000E+00  0.00000E+00  5.88421E+00
TABLE NO.     3: Objective Function Evaluation by Importance Sampling: Problem=1 Subproblem=0 Superproblem1=0 Iteration1=0 Superproblem2=0 Iteration2=0
 NAME         THETA1       THETA2       THETA3       THETA4       THETA5       THETA6       THETA7       THETA8       SIGMA(1,1)   OMEGA(1,1)   OMEGA(2,1)   OMEGA(2,2)   OMEGA(3,1)   OMEGA(3,2)   OMEGA(3,3)   OMEGA(4,1)   OMEGA(4,2)   OMEGA(4,3)   OMEGA(4,4)
 THETA1        5.13902E+00  2.17014E+00 -3.95727E+01  8.27811E-01 -1.98650E-01  4.88215E-01  3.30310E+00  1.37031E+01  0.00000E+00 -5.50809E-01  0.00000E+00  2.47766E+00  0.00000E+00  0.00000E+00  0.00000E+00  0.00000E+00  0.00000E+00  0.00000E+00  8.86029E-03
 THETA2        2.17014E+00  1.80390E+02 -2.14524E+02  1.14848E+01  1.53903E-01 -3.10713E-01  1.91283E+00 -1.30793E+02  0.00000E+00 -1.32487E-01  0.00000E+00 -8.66239E+01  0.00000E+00  0.00000E+00  0.00000E+00  0.00000E+00  0.00000E+00  0.00000E+00  6.05727E+00
 THETA3       -3.95727E+01 -2.14524E+02  2.11360E+04 -2.48645E+02  4.66022E-02 -6.65390E-01 -3.37334E+01  7.03859E+02  0.00000E+00 -4.99400E+00  0.00000E+00 -4.48551E+02  0.00000E+00  0.00000E+00  0.00000E+00  0.00000E+00  0.00000E+00  0.00000E+00 -5.80061E+01
 THETA4        8.27811E-01  1.14848E+01 -2.48645E+02  8.87988E+00  4.57870E-02  5.04143E-02  6.49678E-01  2.95501E+00  0.00000E+00 -8.53458E-02  0.00000E+00  2.51499E+01  0.00000E+00  0.00000E+00  0.00000E+00  0.00000E+00  0.00000E+00  0.00000E+00  2.12542E+00
 THETA5       -1.98650E-01  1.53903E-01  4.66022E-02  4.57870E-02  1.12267E-01  1.12775E-02  2.77735E-02 -5.48454E+00  0.00000E+00  4.09936E-04  0.00000E+00 -1.00276E+00  0.00000E+00  0.00000E+00  0.00000E+00  0.00000E+00  0.00000E+00  0.00000E+00 -3.39934E-02
 THETA6        4.88215E-01 -3.10713E-01 -6.65390E-01  5.04143E-02  1.12775E-02  2.53120E-01  5.52183E-01  3.74362E+00  0.00000E+00 -9.86388E-02  0.00000E+00  1.30532E-01  0.00000E+00  0.00000E+00  0.00000E+00  0.00000E+00  0.00000E+00  0.00000E+00 -9.18648E-02
 THETA7        3.30310E+00  1.91283E+00 -3.37334E+01  6.49678E-01  2.77735E-02  5.52183E-01  3.30310E+00  1.46969E+01  0.00000E+00 -4.69404E-01  0.00000E+00  1.49375E+00  0.00000E+00  0.00000E+00  0.00000E+00  0.00000E+00  0.00000E+00  0.00000E+00  1.61550E-02
 THETA8        1.37031E+01 -1.30793E+02  7.03859E+02  2.95501E+00 -5.48454E+00  3.74362E+00  1.46969E+01  8.04986E+03  0.00000E+00  1.49531E+00  0.00000E+00  5.58307E+02  0.00000E+00  0.00000E+00  0.00000E+00  0.00000E+00  0.00000E+00  0.00000E+00  7.62221E+00
 SIGMA(1,1)    0.00000E+00  0.00000E+00  0.00000E+00  0.00000E+00  0.00000E+00  0.00000E+00  0.00000E+00  0.00000E+00  0.00000E+00  0.00000E+00  0.00000E+00  0.00000E+00  0.00000E+00  0.00000E+00  0.00000E+00  0.00000E+00  0.00000E+00  0.00000E+00  0.00000E+00
 OMEGA(1,1)   -5.50809E-01 -1.32487E-01 -4.99400E+00 -8.53458E-02  4.09936E-04 -9.86388E-02 -4.69404E-01  1.49531E+00  0.00000E+00  2.04085E-01  0.00000E+00 -5.42927E-01  0.00000E+00  0.00000E+00  0.00000E+00  0.00000E+00  0.00000E+00  0.00000E+00  6.32004E-02
 OMEGA(2,1)    0.00000E+00  0.00000E+00  0.00000E+00  0.00000E+00  0.00000E+00  0.00000E+00  0.00000E+00  0.00000E+00  0.00000E+00  0.00000E+00  0.00000E+00  0.00000E+00  0.00000E+00  0.00000E+00  0.00000E+00  0.00000E+00  0.00000E+00  0.00000E+00  0.00000E+00
 OMEGA(2,2)    2.47766E+00 -8.66239E+01 -4.48551E+02  2.51499E+01 -1.00276E+00  1.30532E-01  1.49375E+00  5.58307E+02  0.00000E+00 -5.42927E-01  0.00000E+00  6.63440E+02  0.00000E+00  0.00000E+00  0.00000E+00  0.00000E+00  0.00000E+00  0.00000E+00  1.17822E+01
 OMEGA(3,1)    0.00000E+00  0.00000E+00  0.00000E+00  0.00000E+00  0.00000E+00  0.00000E+00  0.00000E+00  0.00000E+00  0.00000E+00  0.00000E+00  0.00000E+00  0.00000E+00  0.00000E+00  0.00000E+00  0.00000E+00  0.00000E+00  0.00000E+00  0.00000E+00  0.00000E+00
 OMEGA(3,2)    0.00000E+00  0.00000E+00  0.00000E+00  0.00000E+00  0.00000E+00  0.00000E+00  0.00000E+00  0.00000E+00  0.00000E+00  0.00000E+00  0.00000E+00  0.00000E+00  0.00000E+00  0.00000E+00  0.00000E+00  0.00000E+00  0.00000E+00  0.00000E+00  0.00000E+00
 OMEGA(3,3)    0.00000E+00  0.00000E+00  0.00000E+00  0.00000E+00  0.00000E+00  0.00000E+00  0.00000E+00  0.00000E+00  0.00000E+00  0.00000E+00  0.00000E+00  0.00000E+00  0.00000E+00  0.00000E+00  0.00000E+00  0.00000E+00  0.00000E+00  0.00000E+00  0.00000E+00
 OMEGA(4,1)    0.00000E+00  0.00000E+00  0.00000E+00  0.00000E+00  0.00000E+00  0.00000E+00  0.00000E+00  0.00000E+00  0.00000E+00  0.00000E+00  0.00000E+00  0.00000E+00  0.00000E+00  0.00000E+00  0.00000E+00  0.00000E+00  0.00000E+00  0.00000E+00  0.00000E+00
 OMEGA(4,2)    0.00000E+00  0.00000E+00  0.00000E+00  0.00000E+00  0.00000E+00  0.00000E+00  0.00000E+00  0.00000E+00  0.00000E+00  0.00000E+00  0.00000E+00  0.00000E+00  0.00000E+00  0.00000E+00  0.00000E+00  0.00000E+00  0.00000E+00  0.00000E+00  0.00000E+00
 OMEGA(4,3)    0.00000E+00  0.00000E+00  0.00000E+00  0.00000E+00  0.00000E+00  0.00000E+00  0.00000E+00  0.00000E+00  0.00000E+00  0.00000E+00  0.00000E+00  0.00000E+00  0.00000E+00  0.00000E+00  0.00000E+00  0.00000E+00  0.00000E+00  0.00000E+00  0.00000E+00
 OMEGA(4,4)    8.86029E-03  6.05727E+00 -5.80061E+01  2.12542E+00 -3.39934E-02 -9.18648E-02  1.61550E-02  7.62221E+00  0.00000E+00  6.32004E-02  0.00000E+00  1.17822E+01  0.00000E+00  0.00000E+00  0.00000E+00  0.00000E+00  0.00000E+00  0.00000E+00  2.23103E+00
