TABLE NO.     1: Iterative Two Stage: Problem=1 Subproblem=0 Superproblem1=0 Iteration1=0 Superproblem2=0 Iteration2=0
 NAME         THETA1       THETA2       THETA3       THETA4       THETA5       THETA6       THETA7       THETA8       SIGMA(1,1)   OMEGA(1,1)   OMEGA(2,1)   OMEGA(2,2)   OMEGA(3,1)   OMEGA(3,2)   OMEGA(3,3)   OMEGA(4,1)   OMEGA(4,2)   OMEGA(4,3)   OMEGA(4,4)
 THETA1        7.76785E-01  5.11950E-03  1.03150E-03  3.51823E-02  1.54153E+00  3.46736E-01 -7.92290E-01  6.36463E-04  0.00000E+00  4.17761E-01  0.00000E+00  7.73916E-03  0.00000E+00  0.00000E+00  0.00000E+00  0.00000E+00  0.00000E+00  0.00000E+00  7.48813E-02
 THETA2        5.11950E-03  1.22730E-02  7.66133E-05  3.16732E-04  5.97746E-04  4.41258E-02 -2.34424E-02  1.96952E-05  0.00000E+00 -1.63109E-02  0.00000E+00  3.47852E-03  0.00000E+00  0.00000E+00  0.00000E+00  0.00000E+00  0.00000E+00  0.00000E+00  1.09347E-02
 THETA3        1.03150E-03  7.66133E-05  2.05740E-04  5.84002E-03 -1.68882E-03  4.02851E-03 -3.28357E-04 -1.06885E-05  0.00000E+00  6.87805E-03  0.00000E+00 -3.94654E-05  0.00000E+00  0.00000E+00  0.00000E+00  0.00000E+00  0.00000E+00  0.00000E+00  1.34384E-03
 THETA4        3.51823E-02  3.16732E-04  5.84002E-03  2.38806E-01 -4.73515E-02  1.85173E-01 -6.79352E-02 -1.07359E-04  0.00000E+00  1.09172E-01  0.00000E+00 -1.28984E-03  0.00000E+00  0.00000E+00  0.00000E+00  0.00000E+00  0.00000E+00  0.00000E+00  9.37473E-02
 THETA5        1.54153E+00  5.97746E-04 -1.68882E-03 -4.73515E-02  1.24523E+01  2.71006E-02 -1.65549E+00  8.89423E-03  0.00000E+00  2.20948E-01  0.00000E+00  1.42646E-02  0.00000E+00  0.00000E+00  0.00000E+00  0.00000E+00  0.00000E+00  0.00000E+00 -5.01447E-02
 THETA6        3.46736E-01  4.41258E-02  4.02851E-03  1.85173E-01  2.71006E-02  6.82068E+00 -1.37009E+00 -1.73279E-03  0.00000E+00  1.08383E+00  0.00000E+00  1.21337E-02  0.00000E+00  0.00000E+00  0.00000E+00  0.00000E+00  0.00000E+00  0.00000E+00  2.86065E-01
 THETA7       -7.92290E-01 -2.34424E-02 -3.28357E-04 -6.79352E-02 -1.65549E+00 -1.37009E+00  1.46941E+00 -1.68153E-03  0.00000E+00  6.20780E-01  0.00000E+00 -1.67196E-02  0.00000E+00  0.00000E+00  0.00000E+00  0.00000E+00  0.00000E+00  0.00000E+00 -1.35632E-01
 THETA8        6.36463E-04  1.96952E-05 -1.06885E-05 -1.07359E-04  8.89423E-03 -1.73279E-03 -1.68153E-03  1.51166E-04  0.00000E+00 -4.10925E-03  0.00000E+00 -2.31128E-04  0.00000E+00  0.00000E+00  0.00000E+00  0.00000E+00  0.00000E+00  0.00000E+00 -9.63584E-04
 SIGMA(1,1)    0.00000E+00  0.00000E+00  0.00000E+00  0.00000E+00  0.00000E+00  0.00000E+00  0.00000E+00  0.00000E+00  0.00000E+00  0.00000E+00  0.00000E+00  0.00000E+00  0.00000E+00  0.00000E+00  0.00000E+00  0.00000E+00  0.00000E+00  0.00000E+00  0.00000E+00
 OMEGA(1,1)    4.17761E-01 -1.63109E-02  6.87805E-03  1.09172E-01  2.20948E-01  1.08383E+00  6.20780E-01 -4.10925E-03  0.00000E+00  8.14169E+00  0.00000E+00 -2.10032E-02  0.00000E+00  0.00000E+00  0.00000E+00  0.00000E+00  0.00000E+00  0.00000E+00 -9.87087E-02
 OMEGA(2,1)    0.00000E+00  0.00000E+00  0.00000E+00  0.00000E+00  0.00000E+00  0.00000E+00  0.00000E+00  0.00000E+00  0.00000E+00  0.00000E+00  0.00000E+00  0.00000E+00  0.00000E+00  0.00000E+00  0.00000E+00  0.00000E+00  0.00000E+00  0.00000E+00  0.00000E+00
 OMEGA(2,2)    7.73916E-03  3.47852E-03 -3.94654E-05 -1.28984E-03  1.42646E-02  1.21337E-02 -1.67196E-02 -2.31128E-04  0.00000E+00 -2.10032E-02  0.00000E+00  1.12232E-02  0.00000E+00  0.00000E+00  0.00000E+00  0.00000E+00  0.00000E+00  0.00000E+00  1.01750E-02
 OMEGA(3,1)    0.00000E+00  0.00000E+00  0.00000E+00  0.00000E+00  0.00000E+00  0.00000E+00  0.00000E+00  0.00000E+00  0.00000E+00  0.00000E+00  0.00000E+00  0.00000E+00  0.00000E+00  0.00000E+00  0.00000E+00  0.00000E+00  0.00000E+00  0.00000E+00  0.00000E+00
 OMEGA(3,2)    0.00000E+00  0.00000E+00  0.00000E+00  0.00000E+00  0.00000E+00  0.00000E+00  0.00000E+00  0.00000E+00  0.00000E+00  0.00000E+00  0.00000E+00  0.00000E+00  0.00000E+00  0.00000E+00  0.00000E+00  0.00000E+00  0.00000E+00  0.00000E+00  0.00000E+00
 OMEGA(3,3)    0.00000E+00  0.00000E+00  0.00000E+00  0.00000E+00  0.00000E+00  0.00000E+00  0.00000E+00  0.00000E+00  0.00000E+00  0.00000E+00  0.00000E+00  0.00000E+00  0.00000E+00  0.00000E+00  0.00000E+00  0.00000E+00  0.00000E+00  0.00000E+00  0.00000E+00
 OMEGA(4,1)    0.00000E+00  0.00000E+00  0.00000E+00  0.00000E+00  0.00000E+00  0.00000E+00  0.00000E+00  0.00000E+00  0.00000E+00  0.00000E+00  0.00000E+00  0.00000E+00  0.00000E+00  0.00000E+00  0.00000E+00  0.00000E+00  0.00000E+00  0.00000E+00  0.00000E+00
 OMEGA(4,2)    0.00000E+00  0.00000E+00  0.00000E+00  0.00000E+00  0.00000E+00  0.00000E+00  0.00000E+00  0.00000E+00  0.00000E+00  0.00000E+00  0.00000E+00  0.00000E+00  0.00000E+00  0.00000E+00  0.00000E+00  0.00000E+00  0.00000E+00  0.00000E+00  0.00000E+00
 OMEGA(4,3)    0.00000E+00  0.00000E+00  0.00000E+00  0.00000E+00  0.00000E+00  0.00000E+00  0.00000E+00  0.00000E+00  0.00000E+00  0.00000E+00  0.00000E+00  0.00000E+00  0.00000E+00  0.00000E+00  0.00000E+00  0.00000E+00  0.00000E+00  0.00000E+00  0.00000E+00
 OMEGA(4,4)    7.48813E-02  1.09347E-02  1.34384E-03  9.37473E-02 -5.01447E-02  2.86065E-01 -1.35632E-01 -9.63584E-04  0.00000E+00 -9.87087E-02  0.00000E+00  1.01750E-02  0.00000E+00  0.00000E+00  0.00000E+00  0.00000E+00  0.00000E+00  0.00000E+00  4.69196E-01
TABLE NO.     2: Stochastic Approximation Expectation-Maximization: Problem=1 Subproblem=0 Superproblem1=0 Iteration1=0 Superproblem2=0 Iteration2=0
 NAME         THETA1       THETA2       THETA3       THETA4       THETA5       THETA6       THETA7       THETA8       SIGMA(1,1)   OMEGA(1,1)   OMEGA(2,1)   OMEGA(2,2)   OMEGA(3,1)   OMEGA(3,2)   OMEGA(3,3)   OMEGA(4,1)   OMEGA(4,2)   OMEGA(4,3)   OMEGA(4,4)
 THETA1        8.17205E-01  2.73630E-04 -9.48744E-05 -3.00998E-02  1.68489E+00  1.97680E-01 -8.25536E-01  6.61585E-04  0.00000E+00  3.82531E-01  0.00000E+00  7.40048E-04  0.00000E+00  0.00000E+00  0.00000E+00  0.00000E+00  0.00000E+00  0.00000E+00  9.49594E-02
 THETA2        2.73630E-04  3.40933E-03 -4.97558E-05 -4.60162E-03 -1.06958E-02  1.32289E-02 -1.32538E-03  8.45000E-05  0.00000E+00  8.51315E-03  0.00000E+00  6.32888E-05  0.00000E+00  0.00000E+00  0.00000E+00  0.00000E+00  0.00000E+00  0.00000E+00  5.62647E-04
 THETA3       -9.48744E-05 -4.97558E-05  6.86593E-05  1.69084E-03 -1.62100E-03 -6.56883E-05  1.35108E-03 -4.75949E-06  0.00000E+00  2.69806E-03  0.00000E+00 -7.33830E-06  0.00000E+00  0.00000E+00  0.00000E+00  0.00000E+00  0.00000E+00  0.00000E+00 -1.71986E-04
 THETA4       -3.00998E-02 -4.60162E-03  1.69084E-03  1.29701E-01 -1.44296E-01  8.26179E-02  3.30456E-02  5.38721E-05  0.00000E+00 -8.69049E-03  0.00000E+00 -9.37866E-04  0.00000E+00  0.00000E+00  0.00000E+00  0.00000E+00  0.00000E+00  0.00000E+00 -3.60507E-02
 THETA5        1.68489E+00 -1.06958E-02 -1.62100E-03 -1.44296E-01  1.30637E+01 -2.00526E-01 -1.81599E+00  7.87075E-03  0.00000E+00  2.19761E-01  0.00000E+00  6.20666E-03  0.00000E+00  0.00000E+00  0.00000E+00  0.00000E+00  0.00000E+00  0.00000E+00  1.71386E-01
 THETA6        1.97680E-01  1.32289E-02 -6.56883E-05  8.26179E-02 -2.00526E-01  6.68809E+00 -1.12726E+00 -5.30728E-04  0.00000E+00  1.16044E+00  0.00000E+00 -1.99449E-03  0.00000E+00  0.00000E+00  0.00000E+00  0.00000E+00  0.00000E+00  0.00000E+00 -1.44715E-01
 THETA7       -8.25536E-01 -1.32538E-03  1.35108E-03  3.30456E-02 -1.81599E+00 -1.12726E+00  1.45710E+00 -1.71148E-03  0.00000E+00  6.12963E-01  0.00000E+00 -9.78864E-04  0.00000E+00  0.00000E+00  0.00000E+00  0.00000E+00  0.00000E+00  0.00000E+00 -1.06447E-01
 THETA8        6.61585E-04  8.45000E-05 -4.75949E-06  5.38721E-05  7.87075E-03 -5.30728E-04 -1.71148E-03  1.38765E-04  0.00000E+00 -3.42828E-03  0.00000E+00 -2.40191E-05  0.00000E+00  0.00000E+00  0.00000E+00  0.00000E+00  0.00000E+00  0.00000E+00 -4.48507E-04
 SIGMA(1,1)    0.00000E+00  0.00000E+00  0.00000E+00  0.00000E+00  0.00000E+00  0.00000E+00  0.00000E+00  0.00000E+00  0.00000E+00  0.00000E+00  0.00000E+00  0.00000E+00  0.00000E+00  0.00000E+00  0.00000E+00  0.00000E+00  0.00000E+00  0.00000E+00  0.00000E+00
 OMEGA(1,1)    3.82531E-01  8.51315E-03  2.69806E-03 -8.69049E-03  2.19761E-01  1.16044E+00  6.12963E-01 -3.42828E-03  0.00000E+00  8.01505E+00  0.00000E+00  2.47073E-03  0.00000E+00  0.00000E+00  0.00000E+00  0.00000E+00  0.00000E+00  0.00000E+00 -9.15297E-02
 OMEGA(2,1)    0.00000E+00  0.00000E+00  0.00000E+00  0.00000E+00  0.00000E+00  0.00000E+00  0.00000E+00  0.00000E+00  0.00000E+00  0.00000E+00  0.00000E+00  0.00000E+00  0.00000E+00  0.00000E+00  0.00000E+00  0.00000E+00  0.00000E+00  0.00000E+00  0.00000E+00
 OMEGA(2,2)    7.40048E-04  6.32888E-05 -7.33830E-06 -9.37866E-04  6.20666E-03 -1.99449E-03 -9.78864E-04 -2.40191E-05  0.00000E+00  2.47073E-03  0.00000E+00  3.34459E-04  0.00000E+00  0.00000E+00  0.00000E+00  0.00000E+00  0.00000E+00  0.00000E+00 -5.65425E-05
 OMEGA(3,1)    0.00000E+00  0.00000E+00  0.00000E+00  0.00000E+00  0.00000E+00  0.00000E+00  0.00000E+00  0.00000E+00  0.00000E+00  0.00000E+00  0.00000E+00  0.00000E+00  0.00000E+00  0.00000E+00  0.00000E+00  0.00000E+00  0.00000E+00  0.00000E+00  0.00000E+00
 OMEGA(3,2)    0.00000E+00  0.00000E+00  0.00000E+00  0.00000E+00  0.00000E+00  0.00000E+00  0.00000E+00  0.00000E+00  0.00000E+00  0.00000E+00  0.00000E+00  0.00000E+00  0.00000E+00  0.00000E+00  0.00000E+00  0.00000E+00  0.00000E+00  0.00000E+00  0.00000E+00
 OMEGA(3,3)    0.00000E+00  0.00000E+00  0.00000E+00  0.00000E+00  0.00000E+00  0.00000E+00  0.00000E+00  0.00000E+00  0.00000E+00  0.00000E+00  0.00000E+00  0.00000E+00  0.00000E+00  0.00000E+00  0.00000E+00  0.00000E+00  0.00000E+00  0.00000E+00  0.00000E+00
 OMEGA(4,1)    0.00000E+00  0.00000E+00  0.00000E+00  0.00000E+00  0.00000E+00  0.00000E+00  0.00000E+00  0.00000E+00  0.00000E+00  0.00000E+00  0.00000E+00  0.00000E+00  0.00000E+00  0.00000E+00  0.00000E+00  0.00000E+00  0.00000E+00  0.00000E+00  0.00000E+00
 OMEGA(4,2)    0.00000E+00  0.00000E+00  0.00000E+00  0.00000E+00  0.00000E+00  0.00000E+00  0.00000E+00  0.00000E+00  0.00000E+00  0.00000E+00  0.00000E+00  0.00000E+00  0.00000E+00  0.00000E+00  0.00000E+00  0.00000E+00  0.00000E+00  0.00000E+00  0.00000E+00
 OMEGA(4,3)    0.00000E+00  0.00000E+00  0.00000E+00  0.00000E+00  0.00000E+00  0.00000E+00  0.00000E+00  0.00000E+00  0.00000E+00  0.00000E+00  0.00000E+00  0.00000E+00  0.00000E+00  0.00000E+00  0.00000E+00  0.00000E+00  0.00000E+00  0.00000E+00  0.00000E+00
 OMEGA(4,4)    9.49594E-02  5.62647E-04 -1.71986E-04 -3.60507E-02  1.71386E-01 -1.44715E-01 -1.06447E-01 -4.48507E-04  0.00000E+00 -9.15297E-02  0.00000E+00 -5.65425E-05  0.00000E+00  0.00000E+00  0.00000E+00  0.00000E+00  0.00000E+00  0.00000E+00  2.00298E-01
TABLE NO.     3: Objective Function Evaluation by Importance Sampling: Problem=1 Subproblem=0 Superproblem1=0 Iteration1=0 Superproblem2=0 Iteration2=0
 NAME         THETA1       THETA2       THETA3       THETA4       THETA5       THETA6       THETA7       THETA8       SIGMA(1,1)   OMEGA(1,1)   OMEGA(2,1)   OMEGA(2,2)   OMEGA(3,1)   OMEGA(3,2)   OMEGA(3,3)   OMEGA(4,1)   OMEGA(4,2)   OMEGA(4,3)   OMEGA(4,4)
 THETA1        7.77508E-01  3.63529E-04  6.78476E-06 -3.90869E-02  1.62325E+00  3.07075E-01 -7.81178E-01  8.58248E-04  0.00000E+00  4.11644E-01  0.00000E+00  1.43399E-03  0.00000E+00  0.00000E+00  0.00000E+00  0.00000E+00  0.00000E+00  0.00000E+00  5.42057E-02
 THETA2        3.63529E-04  7.94575E-03 -1.01758E-04 -1.29379E-02  7.17818E-03  1.83895E-02 -7.36023E-03  4.56447E-05  0.00000E+00  1.09046E-03  0.00000E+00  1.81223E-03  0.00000E+00  0.00000E+00  0.00000E+00  0.00000E+00  0.00000E+00  0.00000E+00 -2.07319E-02
 THETA3        6.78476E-06 -1.01758E-04  7.74372E-05  2.38294E-03 -2.02968E-03 -1.06555E-03  1.42785E-03 -1.07910E-05  0.00000E+00  5.56204E-03  0.00000E+00 -4.46035E-05  0.00000E+00  0.00000E+00  0.00000E+00  0.00000E+00  0.00000E+00  0.00000E+00  4.91682E-05
 THETA4       -3.90869E-02 -1.29379E-02  2.38294E-03  2.46172E-01 -2.68740E-01 -8.66157E-02  6.93109E-02 -1.13005E-04  0.00000E+00  1.80081E-01  0.00000E+00 -7.61432E-03  0.00000E+00  0.00000E+00  0.00000E+00  0.00000E+00  0.00000E+00  0.00000E+00 -1.09948E-01
 THETA5        1.62325E+00  7.17818E-03 -2.02968E-03 -2.68740E-01  1.29166E+01  2.36329E-01 -1.76876E+00  8.19215E-03  0.00000E+00  1.36536E-01  0.00000E+00  1.53256E-02  0.00000E+00  0.00000E+00  0.00000E+00  0.00000E+00  0.00000E+00  0.00000E+00  2.83865E-01
 THETA6        3.07075E-01  1.83895E-02 -1.06555E-03 -8.66157E-02  2.36329E-01  6.68972E+00 -1.28801E+00 -1.34354E-03  0.00000E+00  9.89297E-01  0.00000E+00  3.23121E-03  0.00000E+00  0.00000E+00  0.00000E+00  0.00000E+00  0.00000E+00  0.00000E+00  2.51549E-01
 THETA7       -7.81178E-01 -7.36023E-03  1.42785E-03  6.93109E-02 -1.76876E+00 -1.28801E+00  1.42105E+00 -2.07720E-03  0.00000E+00  6.43309E-01  0.00000E+00 -1.26525E-03  0.00000E+00  0.00000E+00  0.00000E+00  0.00000E+00  0.00000E+00  0.00000E+00 -1.00541E-01
 THETA8        8.58248E-04  4.56447E-05 -1.07910E-05 -1.13005E-04  8.19215E-03 -1.34354E-03 -2.07720E-03  1.42788E-04  0.00000E+00 -4.73785E-03  0.00000E+00 -1.06886E-04  0.00000E+00  0.00000E+00  0.00000E+00  0.00000E+00  0.00000E+00  0.00000E+00 -4.84306E-06
 SIGMA(1,1)    0.00000E+00  0.00000E+00  0.00000E+00  0.00000E+00  0.00000E+00  0.00000E+00  0.00000E+00  0.00000E+00  0.00000E+00  0.00000E+00  0.00000E+00  0.00000E+00  0.00000E+00  0.00000E+00  0.00000E+00  0.00000E+00  0.00000E+00  0.00000E+00  0.00000E+00
 OMEGA(1,1)    4.11644E-01  1.09046E-03  5.56204E-03  1.80081E-01  1.36536E-01  9.89297E-01  6.43309E-01 -4.73785E-03  0.00000E+00  8.32237E+00  0.00000E+00  9.58035E-03  0.00000E+00  0.00000E+00  0.00000E+00  0.00000E+00  0.00000E+00  0.00000E+00 -2.63546E-01
 OMEGA(2,1)    0.00000E+00  0.00000E+00  0.00000E+00  0.00000E+00  0.00000E+00  0.00000E+00  0.00000E+00  0.00000E+00  0.00000E+00  0.00000E+00  0.00000E+00  0.00000E+00  0.00000E+00  0.00000E+00  0.00000E+00  0.00000E+00  0.00000E+00  0.00000E+00  0.00000E+00
 OMEGA(2,2)    1.43399E-03  1.81223E-03 -4.46035E-05 -7.61432E-03  1.53256E-02  3.23121E-03 -1.26525E-03 -1.06886E-04  0.00000E+00  9.58035E-03  0.00000E+00  2.30755E-03  0.00000E+00  0.00000E+00  0.00000E+00  0.00000E+00  0.00000E+00  0.00000E+00 -1.05485E-02
 OMEGA(3,1)    0.00000E+00  0.00000E+00  0.00000E+00  0.00000E+00  0.00000E+00  0.00000E+00  0.00000E+00  0.00000E+00  0.00000E+00  0.00000E+00  0.00000E+00  0.00000E+00  0.00000E+00  0.00000E+00  0.00000E+00  0.00000E+00  0.00000E+00  0.00000E+00  0.00000E+00
 OMEGA(3,2)    0.00000E+00  0.00000E+00  0.00000E+00  0.00000E+00  0.00000E+00  0.00000E+00  0.00000E+00  0.00000E+00  0.00000E+00  0.00000E+00  0.00000E+00  0.00000E+00  0.00000E+00  0.00000E+00  0.00000E+00  0.00000E+00  0.00000E+00  0.00000E+00  0.00000E+00
 OMEGA(3,3)    0.00000E+00  0.00000E+00  0.00000E+00  0.00000E+00  0.00000E+00  0.00000E+00  0.00000E+00  0.00000E+00  0.00000E+00  0.00000E+00  0.00000E+00  0.00000E+00  0.00000E+00  0.00000E+00  0.00000E+00  0.00000E+00  0.00000E+00  0.00000E+00  0.00000E+00
 OMEGA(4,1)    0.00000E+00  0.00000E+00  0.00000E+00  0.00000E+00  0.00000E+00  0.00000E+00  0.00000E+00  0.00000E+00  0.00000E+00  0.00000E+00  0.00000E+00  0.00000E+00  0.00000E+00  0.00000E+00  0.00000E+00  0.00000E+00  0.00000E+00  0.00000E+00  0.00000E+00
 OMEGA(4,2)    0.00000E+00  0.00000E+00  0.00000E+00  0.00000E+00  0.00000E+00  0.00000E+00  0.00000E+00  0.00000E+00  0.00000E+00  0.00000E+00  0.00000E+00  0.00000E+00  0.00000E+00  0.00000E+00  0.00000E+00  0.00000E+00  0.00000E+00  0.00000E+00  0.00000E+00
 OMEGA(4,3)    0.00000E+00  0.00000E+00  0.00000E+00  0.00000E+00  0.00000E+00  0.00000E+00  0.00000E+00  0.00000E+00  0.00000E+00  0.00000E+00  0.00000E+00  0.00000E+00  0.00000E+00  0.00000E+00  0.00000E+00  0.00000E+00  0.00000E+00  0.00000E+00  0.00000E+00
 OMEGA(4,4)    5.42057E-02 -2.07319E-02  4.91682E-05 -1.09948E-01  2.83865E-01  2.51549E-01 -1.00541E-01 -4.84306E-06  0.00000E+00 -2.63546E-01  0.00000E+00 -1.05485E-02  0.00000E+00  0.00000E+00  0.00000E+00  0.00000E+00  0.00000E+00  0.00000E+00  6.88919E-01
