TABLE NO.     1: Iterative Two Stage: Problem=1 Subproblem=0 Superproblem1=0 Iteration1=0 Superproblem2=0 Iteration2=0
 NAME         THETA1       THETA2       THETA3       THETA4       THETA5       THETA6       THETA7       THETA8       SIGMA(1,1)   OMEGA(1,1)   OMEGA(2,1)   OMEGA(2,2)   OMEGA(3,1)   OMEGA(3,2)   OMEGA(3,3)   OMEGA(4,1)   OMEGA(4,2)   OMEGA(4,3)   OMEGA(4,4)
 THETA1        8.81354E-01  5.24326E-02  8.15944E-02  8.16867E-02  4.95651E-01  1.50638E-01 -7.41588E-01  5.87349E-02  0.00000E+00  1.66119E-01  0.00000E+00  8.28870E-02  0.00000E+00  0.00000E+00  0.00000E+00  0.00000E+00  0.00000E+00  0.00000E+00  1.24035E-01
 THETA2        5.24326E-02  1.10784E-01  4.82135E-02  5.85050E-03  1.52903E-03  1.52512E-01 -1.74564E-01  1.44597E-02  0.00000E+00 -5.15996E-02  0.00000E+00  2.96389E-01  0.00000E+00  0.00000E+00  0.00000E+00  0.00000E+00  0.00000E+00  0.00000E+00  1.44097E-01
 THETA3        8.15944E-02  4.82135E-02  1.43436E-02  8.33167E-01 -3.33656E-02  1.07540E-01 -1.88849E-02 -6.06081E-02  0.00000E+00  1.68054E-01  0.00000E+00 -2.59717E-02  0.00000E+00  0.00000E+00  0.00000E+00  0.00000E+00  0.00000E+00  0.00000E+00  1.36776E-01
 THETA4        8.16867E-02  5.85050E-03  8.33167E-01  4.88678E-01 -2.74591E-02  1.45091E-01 -1.14683E-01 -1.78685E-02  0.00000E+00  7.82944E-02  0.00000E+00 -2.49147E-02  0.00000E+00  0.00000E+00  0.00000E+00  0.00000E+00  0.00000E+00  0.00000E+00  2.80065E-01
 THETA5        4.95651E-01  1.52903E-03 -3.33656E-02 -2.74591E-02  3.52878E+00  2.94063E-03 -3.87017E-01  2.05002E-01  0.00000E+00  2.19436E-02  0.00000E+00  3.81574E-02  0.00000E+00  0.00000E+00  0.00000E+00  0.00000E+00  0.00000E+00  0.00000E+00 -2.07455E-02
 THETA6        1.50638E-01  1.52512E-01  1.07540E-01  1.45091E-01  2.94063E-03  2.61164E+00 -4.32775E-01 -5.39642E-02  0.00000E+00  1.45443E-01  0.00000E+00  4.38554E-02  0.00000E+00  0.00000E+00  0.00000E+00  0.00000E+00  0.00000E+00  0.00000E+00  1.59909E-01
 THETA7       -7.41588E-01 -1.74564E-01 -1.88849E-02 -1.14683E-01 -3.87017E-01 -4.32775E-01  1.21219E+00 -1.12826E-01  0.00000E+00  1.79477E-01  0.00000E+00 -1.30196E-01  0.00000E+00  0.00000E+00  0.00000E+00  0.00000E+00  0.00000E+00  0.00000E+00 -1.63348E-01
 THETA8        5.87349E-02  1.44597E-02 -6.06081E-02 -1.78685E-02  2.05002E-01 -5.39642E-02 -1.12826E-01  1.22950E-02  0.00000E+00 -1.17133E-01  0.00000E+00 -1.77447E-01  0.00000E+00  0.00000E+00  0.00000E+00  0.00000E+00  0.00000E+00  0.00000E+00 -1.14416E-01
 SIGMA(1,1)    0.00000E+00  0.00000E+00  0.00000E+00  0.00000E+00  0.00000E+00  0.00000E+00  0.00000E+00  0.00000E+00  0.00000E+00  0.00000E+00  0.00000E+00  0.00000E+00  0.00000E+00  0.00000E+00  0.00000E+00  0.00000E+00  0.00000E+00  0.00000E+00  0.00000E+00
 OMEGA(1,1)    1.66119E-01 -5.15996E-02  1.68054E-01  7.82944E-02  2.19436E-02  1.45443E-01  1.79477E-01 -1.17133E-01  0.00000E+00  2.85336E+00  0.00000E+00 -6.94819E-02  0.00000E+00  0.00000E+00  0.00000E+00  0.00000E+00  0.00000E+00  0.00000E+00 -5.05034E-02
 OMEGA(2,1)    0.00000E+00  0.00000E+00  0.00000E+00  0.00000E+00  0.00000E+00  0.00000E+00  0.00000E+00  0.00000E+00  0.00000E+00  0.00000E+00  0.00000E+00  0.00000E+00  0.00000E+00  0.00000E+00  0.00000E+00  0.00000E+00  0.00000E+00  0.00000E+00  0.00000E+00
 OMEGA(2,2)    8.28870E-02  2.96389E-01 -2.59717E-02 -2.49147E-02  3.81574E-02  4.38554E-02 -1.30196E-01 -1.77447E-01  0.00000E+00 -6.94819E-02  0.00000E+00  1.05939E-01  0.00000E+00  0.00000E+00  0.00000E+00  0.00000E+00  0.00000E+00  0.00000E+00  1.40216E-01
 OMEGA(3,1)    0.00000E+00  0.00000E+00  0.00000E+00  0.00000E+00  0.00000E+00  0.00000E+00  0.00000E+00  0.00000E+00  0.00000E+00  0.00000E+00  0.00000E+00  0.00000E+00  0.00000E+00  0.00000E+00  0.00000E+00  0.00000E+00  0.00000E+00  0.00000E+00  0.00000E+00
 OMEGA(3,2)    0.00000E+00  0.00000E+00  0.00000E+00  0.00000E+00  0.00000E+00  0.00000E+00  0.00000E+00  0.00000E+00  0.00000E+00  0.00000E+00  0.00000E+00  0.00000E+00  0.00000E+00  0.00000E+00  0.00000E+00  0.00000E+00  0.00000E+00  0.00000E+00  0.00000E+00
 OMEGA(3,3)    0.00000E+00  0.00000E+00  0.00000E+00  0.00000E+00  0.00000E+00  0.00000E+00  0.00000E+00  0.00000E+00  0.00000E+00  0.00000E+00  0.00000E+00  0.00000E+00  0.00000E+00  0.00000E+00  0.00000E+00  0.00000E+00  0.00000E+00  0.00000E+00  0.00000E+00
 OMEGA(4,1)    0.00000E+00  0.00000E+00  0.00000E+00  0.00000E+00  0.00000E+00  0.00000E+00  0.00000E+00  0.00000E+00  0.00000E+00  0.00000E+00  0.00000E+00  0.00000E+00  0.00000E+00  0.00000E+00  0.00000E+00  0.00000E+00  0.00000E+00  0.00000E+00  0.00000E+00
 OMEGA(4,2)    0.00000E+00  0.00000E+00  0.00000E+00  0.00000E+00  0.00000E+00  0.00000E+00  0.00000E+00  0.00000E+00  0.00000E+00  0.00000E+00  0.00000E+00  0.00000E+00  0.00000E+00  0.00000E+00  0.00000E+00  0.00000E+00  0.00000E+00  0.00000E+00  0.00000E+00
 OMEGA(4,3)    0.00000E+00  0.00000E+00  0.00000E+00  0.00000E+00  0.00000E+00  0.00000E+00  0.00000E+00  0.00000E+00  0.00000E+00  0.00000E+00  0.00000E+00  0.00000E+00  0.00000E+00  0.00000E+00  0.00000E+00  0.00000E+00  0.00000E+00  0.00000E+00  0.00000E+00
 OMEGA(4,4)    1.24035E-01  1.44097E-01  1.36776E-01  2.80065E-01 -2.07455E-02  1.59909E-01 -1.63348E-01 -1.14416E-01  0.00000E+00 -5.05034E-02  0.00000E+00  1.40216E-01  0.00000E+00  0.00000E+00  0.00000E+00  0.00000E+00  0.00000E+00  0.00000E+00  6.84979E-01
TABLE NO.     2: Stochastic Approximation Expectation-Maximization: Problem=1 Subproblem=0 Superproblem1=0 Iteration1=0 Superproblem2=0 Iteration2=0
 NAME         THETA1       THETA2       THETA3       THETA4       THETA5       THETA6       THETA7       THETA8       SIGMA(1,1)   OMEGA(1,1)   OMEGA(2,1)   OMEGA(2,2)   OMEGA(3,1)   OMEGA(3,2)   OMEGA(3,3)   OMEGA(4,1)   OMEGA(4,2)   OMEGA(4,3)   OMEGA(4,4)
 THETA1        9.03994E-01  5.18398E-03 -1.26658E-02 -9.24539E-02  5.15673E-01  8.45563E-02 -7.56528E-01  6.21269E-02  0.00000E+00  1.49468E-01  0.00000E+00  4.47633E-02  0.00000E+00  0.00000E+00  0.00000E+00  0.00000E+00  0.00000E+00  0.00000E+00  2.34711E-01
 THETA2        5.18398E-03  5.83895E-02 -1.02839E-01 -2.18828E-01 -5.06811E-02  8.76071E-02 -1.88044E-02  1.22852E-01  0.00000E+00  5.14994E-02  0.00000E+00  5.92680E-02  0.00000E+00  0.00000E+00  0.00000E+00  0.00000E+00  0.00000E+00  0.00000E+00  2.15309E-02
 THETA3       -1.26658E-02 -1.02839E-01  8.28609E-03  5.66605E-01 -5.41253E-02 -3.06540E-03  1.35078E-01 -4.87608E-02  0.00000E+00  1.15014E-01  0.00000E+00 -4.84255E-02  0.00000E+00  0.00000E+00  0.00000E+00  0.00000E+00  0.00000E+00  0.00000E+00 -4.63773E-02
 THETA4       -9.24539E-02 -2.18828E-01  5.66605E-01  3.60141E-01 -1.10854E-01  8.87055E-02  7.60145E-02  1.26985E-02  0.00000E+00 -8.52351E-03  0.00000E+00 -1.42396E-01  0.00000E+00  0.00000E+00  0.00000E+00  0.00000E+00  0.00000E+00  0.00000E+00 -2.23667E-01
 THETA5        5.15673E-01 -5.06811E-02 -5.41253E-02 -1.10854E-01  3.61437E+00 -2.14530E-02 -4.16232E-01  1.84860E-01  0.00000E+00  2.14766E-02  0.00000E+00  9.38975E-02  0.00000E+00  0.00000E+00  0.00000E+00  0.00000E+00  0.00000E+00  0.00000E+00  1.05951E-01
 THETA6        8.45563E-02  8.76071E-02 -3.06540E-03  8.87055E-02 -2.14530E-02  2.58613E+00 -3.61099E-01 -1.74213E-02  0.00000E+00  1.58496E-01  0.00000E+00 -4.21705E-02  0.00000E+00  0.00000E+00  0.00000E+00  0.00000E+00  0.00000E+00  0.00000E+00 -1.25033E-01
 THETA7       -7.56528E-01 -1.88044E-02  1.35078E-01  7.60145E-02 -4.16232E-01 -3.61099E-01  1.20711E+00 -1.20361E-01  0.00000E+00  1.79364E-01  0.00000E+00 -4.43410E-02  0.00000E+00  0.00000E+00  0.00000E+00  0.00000E+00  0.00000E+00  0.00000E+00 -1.97037E-01
 THETA8        6.21269E-02  1.22852E-01 -4.87608E-02  1.26985E-02  1.84860E-01 -1.74213E-02 -1.20361E-01  1.17799E-02  0.00000E+00 -1.02797E-01  0.00000E+00 -1.11492E-01  0.00000E+00  0.00000E+00  0.00000E+00  0.00000E+00  0.00000E+00  0.00000E+00 -8.50728E-02
 SIGMA(1,1)    0.00000E+00  0.00000E+00  0.00000E+00  0.00000E+00  0.00000E+00  0.00000E+00  0.00000E+00  0.00000E+00  0.00000E+00  0.00000E+00  0.00000E+00  0.00000E+00  0.00000E+00  0.00000E+00  0.00000E+00  0.00000E+00  0.00000E+00  0.00000E+00  0.00000E+00
 OMEGA(1,1)    1.49468E-01  5.14994E-02  1.15014E-01 -8.52351E-03  2.14766E-02  1.58496E-01  1.79364E-01 -1.02797E-01  0.00000E+00  2.83109E+00  0.00000E+00  4.77200E-02  0.00000E+00  0.00000E+00  0.00000E+00  0.00000E+00  0.00000E+00  0.00000E+00 -7.22387E-02
 OMEGA(2,1)    0.00000E+00  0.00000E+00  0.00000E+00  0.00000E+00  0.00000E+00  0.00000E+00  0.00000E+00  0.00000E+00  0.00000E+00  0.00000E+00  0.00000E+00  0.00000E+00  0.00000E+00  0.00000E+00  0.00000E+00  0.00000E+00  0.00000E+00  0.00000E+00  0.00000E+00
 OMEGA(2,2)    4.47633E-02  5.92680E-02 -4.84255E-02 -1.42396E-01  9.38975E-02 -4.21705E-02 -4.43410E-02 -1.11492E-01  0.00000E+00  4.77200E-02  0.00000E+00  1.82882E-02  0.00000E+00  0.00000E+00  0.00000E+00  0.00000E+00  0.00000E+00  0.00000E+00 -6.90821E-03
 OMEGA(3,1)    0.00000E+00  0.00000E+00  0.00000E+00  0.00000E+00  0.00000E+00  0.00000E+00  0.00000E+00  0.00000E+00  0.00000E+00  0.00000E+00  0.00000E+00  0.00000E+00  0.00000E+00  0.00000E+00  0.00000E+00  0.00000E+00  0.00000E+00  0.00000E+00  0.00000E+00
 OMEGA(3,2)    0.00000E+00  0.00000E+00  0.00000E+00  0.00000E+00  0.00000E+00  0.00000E+00  0.00000E+00  0.00000E+00  0.00000E+00  0.00000E+00  0.00000E+00  0.00000E+00  0.00000E+00  0.00000E+00  0.00000E+00  0.00000E+00  0.00000E+00  0.00000E+00  0.00000E+00
 OMEGA(3,3)    0.00000E+00  0.00000E+00  0.00000E+00  0.00000E+00  0.00000E+00  0.00000E+00  0.00000E+00  0.00000E+00  0.00000E+00  0.00000E+00  0.00000E+00  0.00000E+00  0.00000E+00  0.00000E+00  0.00000E+00  0.00000E+00  0.00000E+00  0.00000E+00  0.00000E+00
 OMEGA(4,1)    0.00000E+00  0.00000E+00  0.00000E+00  0.00000E+00  0.00000E+00  0.00000E+00  0.00000E+00  0.00000E+00  0.00000E+00  0.00000E+00  0.00000E+00  0.00000E+00  0.00000E+00  0.00000E+00  0.00000E+00  0.00000E+00  0.00000E+00  0.00000E+00  0.00000E+00
 OMEGA(4,2)    0.00000E+00  0.00000E+00  0.00000E+00  0.00000E+00  0.00000E+00  0.00000E+00  0.00000E+00  0.00000E+00  0.00000E+00  0.00000E+00  0.00000E+00  0.00000E+00  0.00000E+00  0.00000E+00  0.00000E+00  0.00000E+00  0.00000E+00  0.00000E+00  0.00000E+00
 OMEGA(4,3)    0.00000E+00  0.00000E+00  0.00000E+00  0.00000E+00  0.00000E+00  0.00000E+00  0.00000E+00  0.00000E+00  0.00000E+00  0.00000E+00  0.00000E+00  0.00000E+00  0.00000E+00  0.00000E+00  0.00000E+00  0.00000E+00  0.00000E+00  0.00000E+00  0.00000E+00
 OMEGA(4,4)    2.34711E-01  2.15309E-02 -4.63773E-02 -2.23667E-01  1.05951E-01 -1.25033E-01 -1.97037E-01 -8.50728E-02  0.00000E+00 -7.22387E-02  0.00000E+00 -6.90821E-03  0.00000E+00  0.00000E+00  0.00000E+00  0.00000E+00  0.00000E+00  0.00000E+00  4.47547E-01
TABLE NO.     3: Objective Function Evaluation by Importance Sampling: Problem=1 Subproblem=0 Superproblem1=0 Iteration1=0 Superproblem2=0 Iteration2=0
 NAME         THETA1       THETA2       THETA3       THETA4       THETA5       THETA6       THETA7       THETA8       SIGMA(1,1)   OMEGA(1,1)   OMEGA(2,1)   OMEGA(2,2)   OMEGA(3,1)   OMEGA(3,2)   OMEGA(3,3)   OMEGA(4,1)   OMEGA(4,2)   OMEGA(4,3)   OMEGA(4,4)
 THETA1        8.81764E-01  4.62508E-03  8.74394E-04 -8.93427E-02  5.12224E-01  1.34644E-01 -7.43177E-01  8.14544E-02  0.00000E+00  1.61825E-01  0.00000E+00  3.38546E-02  0.00000E+00  0.00000E+00  0.00000E+00  0.00000E+00  0.00000E+00  0.00000E+00  7.40642E-02
 THETA2        4.62508E-03  8.91390E-02 -1.29726E-01 -2.92534E-01  2.24065E-02  7.97623E-02 -6.92658E-02  4.28525E-02  0.00000E+00  4.24050E-03  0.00000E+00  4.23223E-01  0.00000E+00  0.00000E+00  0.00000E+00  0.00000E+00  0.00000E+00  0.00000E+00 -2.80213E-01
 THETA3        8.74394E-04 -1.29726E-01  8.79984E-03  5.45782E-01 -6.41770E-02 -4.68160E-02  1.36114E-01 -1.02622E-01  0.00000E+00  2.19097E-01  0.00000E+00 -1.05516E-01  0.00000E+00  0.00000E+00  0.00000E+00  0.00000E+00  0.00000E+00  0.00000E+00  6.73172E-03
 THETA4       -8.93427E-02 -2.92534E-01  5.45782E-01  4.96158E-01 -1.50709E-01 -6.74953E-02  1.17186E-01 -1.90604E-02  0.00000E+00  1.25813E-01  0.00000E+00 -3.19475E-01  0.00000E+00  0.00000E+00  0.00000E+00  0.00000E+00  0.00000E+00  0.00000E+00 -2.66984E-01
 THETA5        5.12224E-01  2.24065E-02 -6.41770E-02 -1.50709E-01  3.59396E+00  2.54237E-02 -4.12848E-01  1.90756E-01  0.00000E+00  1.31689E-02  0.00000E+00  8.87706E-02  0.00000E+00  0.00000E+00  0.00000E+00  0.00000E+00  0.00000E+00  0.00000E+00  9.51600E-02
 THETA6        1.34644E-01  7.97623E-02 -4.68160E-02 -6.74953E-02  2.54237E-02  2.58645E+00 -4.17743E-01 -4.34711E-02  0.00000E+00  1.32587E-01  0.00000E+00  2.60068E-02  0.00000E+00  0.00000E+00  0.00000E+00  0.00000E+00  0.00000E+00  0.00000E+00  1.17175E-01
 THETA7       -7.43177E-01 -6.92658E-02  1.36114E-01  1.17186E-01 -4.12848E-01 -4.17743E-01  1.19208E+00 -1.45823E-01  0.00000E+00  1.87064E-01  0.00000E+00 -2.20951E-02  0.00000E+00  0.00000E+00  0.00000E+00  0.00000E+00  0.00000E+00  0.00000E+00 -1.01614E-01
 THETA8        8.14544E-02  4.28525E-02 -1.02622E-01 -1.90604E-02  1.90756E-01 -4.34711E-02 -1.45823E-01  1.19494E-02  0.00000E+00 -1.37439E-01  0.00000E+00 -1.86209E-01  0.00000E+00  0.00000E+00  0.00000E+00  0.00000E+00  0.00000E+00  0.00000E+00 -4.88304E-04
 SIGMA(1,1)    0.00000E+00  0.00000E+00  0.00000E+00  0.00000E+00  0.00000E+00  0.00000E+00  0.00000E+00  0.00000E+00  0.00000E+00  0.00000E+00  0.00000E+00  0.00000E+00  0.00000E+00  0.00000E+00  0.00000E+00  0.00000E+00  0.00000E+00  0.00000E+00  0.00000E+00
 OMEGA(1,1)    1.61825E-01  4.24050E-03  2.19097E-01  1.25813E-01  1.31689E-02  1.32587E-01  1.87064E-01 -1.37439E-01  0.00000E+00  2.88485E+00  0.00000E+00  6.91326E-02  0.00000E+00  0.00000E+00  0.00000E+00  0.00000E+00  0.00000E+00  0.00000E+00 -1.10065E-01
 OMEGA(2,1)    0.00000E+00  0.00000E+00  0.00000E+00  0.00000E+00  0.00000E+00  0.00000E+00  0.00000E+00  0.00000E+00  0.00000E+00  0.00000E+00  0.00000E+00  0.00000E+00  0.00000E+00  0.00000E+00  0.00000E+00  0.00000E+00  0.00000E+00  0.00000E+00  0.00000E+00
 OMEGA(2,2)    3.38546E-02  4.23223E-01 -1.05516E-01 -3.19475E-01  8.87706E-02  2.60068E-02 -2.20951E-02 -1.86209E-01  0.00000E+00  6.91326E-02  0.00000E+00  4.80369E-02  0.00000E+00  0.00000E+00  0.00000E+00  0.00000E+00  0.00000E+00  0.00000E+00 -2.64564E-01
 OMEGA(3,1)    0.00000E+00  0.00000E+00  0.00000E+00  0.00000E+00  0.00000E+00  0.00000E+00  0.00000E+00  0.00000E+00  0.00000E+00  0.00000E+00  0.00000E+00  0.00000E+00  0.00000E+00  0.00000E+00  0.00000E+00  0.00000E+00  0.00000E+00  0.00000E+00  0.00000E+00
 OMEGA(3,2)    0.00000E+00  0.00000E+00  0.00000E+00  0.00000E+00  0.00000E+00  0.00000E+00  0.00000E+00  0.00000E+00  0.00000E+00  0.00000E+00  0.00000E+00  0.00000E+00  0.00000E+00  0.00000E+00  0.00000E+00  0.00000E+00  0.00000E+00  0.00000E+00  0.00000E+00
 OMEGA(3,3)    0.00000E+00  0.00000E+00  0.00000E+00  0.00000E+00  0.00000E+00  0.00000E+00  0.00000E+00  0.00000E+00  0.00000E+00  0.00000E+00  0.00000E+00  0.00000E+00  0.00000E+00  0.00000E+00  0.00000E+00  0.00000E+00  0.00000E+00  0.00000E+00  0.00000E+00
 OMEGA(4,1)    0.00000E+00  0.00000E+00  0.00000E+00  0.00000E+00  0.00000E+00  0.00000E+00  0.00000E+00  0.00000E+00  0.00000E+00  0.00000E+00  0.00000E+00  0.00000E+00  0.00000E+00  0.00000E+00  0.00000E+00  0.00000E+00  0.00000E+00  0.00000E+00  0.00000E+00
 OMEGA(4,2)    0.00000E+00  0.00000E+00  0.00000E+00  0.00000E+00  0.00000E+00  0.00000E+00  0.00000E+00  0.00000E+00  0.00000E+00  0.00000E+00  0.00000E+00  0.00000E+00  0.00000E+00  0.00000E+00  0.00000E+00  0.00000E+00  0.00000E+00  0.00000E+00  0.00000E+00
 OMEGA(4,3)    0.00000E+00  0.00000E+00  0.00000E+00  0.00000E+00  0.00000E+00  0.00000E+00  0.00000E+00  0.00000E+00  0.00000E+00  0.00000E+00  0.00000E+00  0.00000E+00  0.00000E+00  0.00000E+00  0.00000E+00  0.00000E+00  0.00000E+00  0.00000E+00  0.00000E+00
 OMEGA(4,4)    7.40642E-02 -2.80213E-01  6.73172E-03 -2.66984E-01  9.51600E-02  1.17175E-01 -1.01614E-01 -4.88304E-04  0.00000E+00 -1.10065E-01  0.00000E+00 -2.64564E-01  0.00000E+00  0.00000E+00  0.00000E+00  0.00000E+00  0.00000E+00  0.00000E+00  8.30011E-01
